1	9	+	CTA	1	1	0
1	14		+	CCC	1	1	0
1	15		+	CCT	0	1	0
1	16		+	CTA	1	1	0
1	21		+	CCC	0	1	0
1	22		+	CCT	0	1	0
1	23		+	CTA	1	1	0
1	28		+	CCT	0	1	0
1	29		+	CTC	0	1	0
1	31		+	CTG	1	1	0
1	33		-	CAG	6	16		1
1	37		+	CCT	0	1	0
1	38		+	CTT	0	1	0
1	44		+	CCC	0	2	0
1	45		+	CCT	0	2	0
1	46		+	CTA	1	2	0
1	52		+	CCC	1	2	0
1	53		+	CCT	2	2	1
1	54		+	CTA	2	2	1
1	60		+	CTT	1	2	0
1	68		+	CCT	2	2	1
1	69		+	CTA	2	2	1
1	72		+	CAT	2	2	1
1	75		+	CCA	1	2	0
1	76		+	CAT	1	2	0
1	79		-	CAT	6	37		1
1	83		+	CCC	1	2	0
1	84		+	CCT	1	2	0
1	85		+	CTA	2	2	1

